platformTmall_ts2efh_1467771000:59632.04
platformTaobao_ts2efh_1467771000:136126.28
platformTmall_ts2efh_1467775920:67626.53
platformTaobao_ts2efh_1467775920:57114.56
platformTaobao_ts2efh_1467775980:1688308.6100000003
platformTmall_ts2efh_1467775980:1147357.8299999998
platformTaobao_ts2efh_1467776040:1281021.43
platformTmall_ts2efh_1467776040:1707051.6599999995
